738447109 5790 5819
738447109 5850 5879
738447109 1830 1849
738447109 5072 5124
738447109 5217 5267
738447109 324 357
738447109 2450 2533
738447109 303 359
738447109 733 760
738447109 1000 1027
738447109 4484 4505
738447109 4716 4737
738447109 5058 5122
738447109 3634 3658
738447109 4980 5035
738447109 5125 5180
738447109 6183 6209
738447109 3667 3684
738447109 2353 2373
738447109 733 759
738447109 1000 1026
738447109 5908 6207
738447109 4980 5034
738447109 5125 5179
738447109 3460 3484
738447109 303 617
738447109 4450 4649
738447109 4682 4881
738447109 0 17
738447109 102 119
738447109 5036 5122
738447109 5181 5267
738447109 6285 6332
738447109 6236 6283
